0.0
0.0
0.0
0.0
0.0
0.0
0.0
0.0
0.0
0.0
0.0
0.0
0.0
0.0
0.0
0.0
0.0
0.0
0.0
0.0
0.0
0.0
0.0
0.0
0.0
0.0
0.0
0.0
0.0
0.0
0.0
0.0
0.0
0.0
0.0
0.0
0.0
0.0
0.0
0.0
0.0
0.0
0.0
0.0
0.0
0.0
0.0
0.001
0.0
0.0
0.0
0.0
0.0
0.0
0.0
0.0
0.0
0.0
0.0
0.0
0.0
0.0
0.0
0.0
0.0
0.0
0.0
0.0
0.0
0.0
0.0
0.0
0.0
0.0
0.0
0.0
0.0
0.0
0.0
0.0
0.0
0.0
0.0
0.0
0.0
0.0
0.0
0.0
0.0
0.0
0.0
0.0
0.0
0.0
0.0
0.0
0.0
0.0
0.0
0.0
0.0
0.0
0.0
0.0
0.0
0.0
0.0
0.0
0.0
0.0
0.0
0.0
0.0
0.0
0.0
0.0
0.0
0.0
0.0
0.0
0.0
0.002
0.0
0.0
0.0
0.0
0.0
0.0
0.0
0.0
0.0
0.0
0.0
0.0
0.0
0.0
0.0
0.0
0.0
0.0
0.0
0.0
0.0
0.0
0.0
0.0
0.0
0.0
0.0
0.0
0.0
0.0
0.0
0.0
0.0
0.0
0.0
0.0
0.0
0.0
0.0
0.0
0.0
0.0
0.0
0.0
0.0
0.0
0.0
0.0
0.0
0.0
0.0
0.0
0.0
0.0
0.0
0.0
0.0
0.0
0.0
0.0
0.0
0.0
0.0
0.0
0.0
0.0
0.0
0.0
0.0
0.0
0.0
0.0
0.0
0.0
0.0
0.0
0.0
0.0
0.0
0.0
0.001
0.0
0.0
0.0
0.0
0.0
0.0
0.0
0.0
0.0
0.0
0.0
0.0
0.0
0.0
0.0
0.0
0.0
0.0
0.0
0.0
0.0
0.0
0.0
0.0
0.0
0.0
0.0
0.0
0.0
0.0
0.0
0.0
0.0
0.0
0.0
0.0
0.0
0.0
0.0
0.0
0.0
0.0
0.0
0.0
0.0
0.0
0.0
0.0
0.0
0.0
0.0
0.007
0.0
0.0
0.0
0.0
0.0
0.0
0.0
0.0
0.0
0.0
0.0
0.0
0.0
0.0
0.0
0.0
0.0
0.0
0.0
0.0
0.0
0.0
0.0
0.0
0.0
0.0
0.0
0.0
0.0
0.0
0.0
0.0
0.0
0.0
0.0
0.0
0.0
0.002
0.0
0.0
0.0
0.0
0.0
0.0
0.0
0.0
0.0
0.0
0.0
0.0
0.0
0.0
0.001
0.001
0.0
0.0
0.0
0.0
0.0
0.0
0.0
0.0
0.0
0.0
0.0
0.0
0.0
0.0
0.0
0.0
0.0
0.0
0.0
0.0
0.0
0.0
0.0
0.0
0.0
0.0
0.0
0.0
0.0
0.0
0.001
0.0
0.0
0.0
0.0
0.0
0.0
0.0
0.0
0.0
0.0
0.0
0.0
0.0
0.0
0.0
0.0
0.0
0.0
0.0
0.0
0.0
0.0
0.0
0.0
0.0
0.0
0.0
0.0
0.0
0.0
0.0
0.0
0.0
0.0
0.0
0.0
0.0
0.0
0.0
0.0
0.0
0.0
0.001
0.0
0.0
0.0
0.0
0.0
0.0
0.0
0.0
0.0
0.0
0.031
0.002
0.0
0.0
0.0
0.0
0.0
0.004
0.002
0.0
0.0
0.0
0.0
0.0
0.0
0.0
0.0
0.0
0.0
0.0
0.0
0.0
0.0
0.0
0.0
0.0
0.0
0.0
0.0
0.0
0.0
0.0
0.0
0.0
0.0
0.0
0.0
0.0
0.0
0.0
0.0
0.0
0.0
0.0
0.0
0.0
0.0
0.0
0.0
0.0
0.0
0.0
0.0
0.0
0.0
0.0
0.0
0.0
0.0
0.0
0.0
0.0
0.0
0.0
0.0
0.0
0.0
0.0
0.0
0.0
0.0
0.0
0.0
0.0
0.0
0.0
0.0
0.0
0.0
0.0
0.0
0.001
0.0
0.003
0.0
0.0
0.0
0.002
0.001
0.0
0.007
0.0
0.004
0.0
0.0
0.001
0.0
0.001
0.006
0.0
0.0
0.0
0.0
0.0
0.0
0.0
0.0
0.0
0.0
0.0
0.0
0.0
0.0
0.0
0.0
0.0
0.0
0.0
0.0
0.0
0.0
0.0
0.0
0.0
0.0
0.0
0.0
0.0
0.0
0.0
0.0
0.0
0.0
0.0
0.0
0.0
0.0
0.0
0.0
0.0
0.0
0.0
0.0
0.0
0.0
0.0
0.0
0.0
0.0
0.0
0.0
0.0
0.0
0.0
0.0
0.0
0.0
0.0
0.0
0.0
0.0
0.0
0.0
0.0
0.0
0.0
0.0
0.0
0.001
0.0
0.005
0.004
0.001
0.012
0.002
0.001
0.0
0.0
0.001
0.005
0.006
0.001
0.018
0.001
0.001
0.001
0.0
0.002
0.0
0.0
0.0
0.0
0.0
0.006
0.008
0.0
0.0
0.0
0.0
0.0
0.0
0.0
0.0
0.0
0.0
0.0
0.0
0.0
0.0
0.0
0.0
0.0
0.0
0.0
0.0
0.0
0.0
0.0
0.0
0.0
0.0
0.0
0.0
0.0
0.0
0.0
0.0
0.0
0.0
0.0
0.0
0.0
0.0
0.0
0.0
0.0
0.0
0.0
0.0
0.0
0.0
0.0
0.0
0.0
0.0
0.0
0.0
0.0
0.0
0.0
0.0
0.0
0.0
0.0
0.0
0.0
0.0
0.007
0.0
0.003
0.0
0.008
0.004
0.001
0.001
0.0
0.004
0.001
0.001
0.0
0.008
0.0
0.012
0.007
0.004
0.0
0.0
0.008
0.0
0.0
0.0
0.0
0.003
0.004
0.009
0.0
0.0
0.0
0.0
0.0
0.0
0.0
0.0
0.0
0.0
0.0
0.0
0.0
0.0
0.0
0.002
0.0
0.0
0.0
0.0
0.0
0.0
0.0
0.0
0.0
0.0
0.0
0.0
0.0
0.0
0.0
0.0
0.0
0.0
0.0
0.0
0.0
0.0
0.0
0.0
0.0
0.0
0.0
0.0
0.0
0.0
0.0
0.0
0.0
0.0
0.0
0.0
0.0
0.0
0.0
0.0
0.0
0.0
0.0
0.0
0.0
0.0
0.0
0.0
0.001
0.006
0.012
0.004
0.003
0.006
0.0
0.001
0.002
0.0
0.002
0.01
0.001
0.019
0.011
0.0
0.0
0.0
0.0
0.0
0.0
0.0
0.0
0.0
0.01
0.009
0.0
0.0
0.0
0.0
0.0
0.0
0.0
0.0
0.0
0.0
0.0
0.0
0.0
0.0
0.0
0.0
0.0
0.0
0.0
0.005
0.0
0.0
0.0
0.0
0.0
0.0
0.0
0.0
0.0
0.0
0.0
0.0
0.0
0.0
0.0
0.0
0.0
0.0
0.0
0.0
0.0
0.0
0.0
0.0
0.0
0.0
0.0
0.0
0.0
0.0
0.0
0.0
0.0
0.0
0.0
0.0
0.0
0.0
0.0
0.0
0.0
0.0
0.0
0.003
0.001
0.002
0.018
0.01
0.007
0.016
0.0
0.0
0.004
0.001
0.004
0.001
0.01
0.017
0.003
0.003
0.008
0.001
0.0
0.0
0.0
0.0
0.004
0.001
0.008
0.006
0.0
0.002
0.0
0.0
0.0
0.0
0.0
0.0
0.0
0.0
0.009
0.001
0.0
0.0
0.0
0.0
0.0
0.0
0.0
0.0
0.0
0.002
0.001
0.0
0.0
0.0
0.0
0.0
0.0
0.0
0.0
0.0
0.0
0.0
0.0
0.0
0.0
0.0
0.0
0.0
0.0
0.0
0.0
0.0
0.0
0.0
0.0
0.0
0.0
0.0
0.0
0.0
0.0
0.0
0.0
0.0
0.0
0.0
0.0
0.001
0.001
0.001
0.0
0.001
0.0
0.0
0.0
0.0
0.002
0.008
0.006
0.0
0.0
0.0
0.0
0.007
0.007
0.036
0.002
0.001
0.014
0.0
0.001
0.0
0.0
0.0
0.0
0.0
0.002
0.002
0.002
0.022
0.0
0.006
0.0
0.0
0.0
0.0
0.0
0.0
0.0
0.0
0.0
0.0
0.0
0.0
0.0
0.001
0.0
0.0
0.0
0.0
0.0
0.0
0.0
0.0
0.0
0.0
0.0
0.0
0.0
0.0
0.0
0.0
0.0
0.0
0.0
0.0
0.0
0.0
0.0
0.0
0.0
0.0
0.0
0.0
0.0
0.0
0.0
0.0
0.0
0.0
0.0
0.0
0.001
0.001
0.0
0.0
0.0
0.0
0.0
0.0
0.002
0.002
0.0
0.0
0.0
0.001
0.0
0.029
0.002
0.002
0.001
0.001
0.002
0.023
0.001
0.017
0.004
0.007
0.011
0.0
0.0
0.0
0.0
0.0
0.0
0.003
0.004
0.001
0.0
0.0
0.0
0.0
0.0
0.0
0.0
0.0
0.0
0.0
0.0
0.0
0.0
0.0
0.0
0.0
0.0
0.0
0.0
0.0
0.0
0.0
0.0
0.0
0.006
0.001
0.011
0.0
0.0
0.0
0.0
0.0
0.0
0.0
0.0
0.0
0.0
0.0
0.0
0.0
0.0
0.0
0.0
0.0
0.0
0.0
0.0
0.0
0.0
0.0
0.001
0.001
0.0
0.0
0.0
0.0
0.0
0.0
0.0
0.002
0.001
0.0
0.003
0.001
0.0
0.0
0.001
0.002
0.001
0.009
0.029
0.004
0.006
0.018
0.018
0.047
0.027
0.003
0.007
0.023
0.014
0.002
0.0
0.001
0.001
0.001
0.001
0.0
0.0
0.0
0.0
0.0
0.0
0.0
0.0
0.0
0.0
0.0
0.0
0.0
0.0
0.0
0.0
0.0
0.0
0.0
0.0
0.0
0.0
0.0
0.0
0.0
0.0
0.0
0.001
0.0
0.002
0.001
0.003
0.0
0.0
0.0
0.0
0.0
0.0
0.0
0.0
0.0
0.0
0.0
0.0
0.0
0.0
0.0
0.0
0.0
0.0
0.0
0.0
0.001
0.003
0.0
0.0
0.0
0.0
0.0
0.0
0.0
0.0
0.0
0.0
0.0
0.0
0.0
0.003
0.0
0.009
0.004
0.011
0.025
0.028
0.005
0.003
0.001
0.009
0.027
0.005
0.004
0.001
0.004
0.024
0.02
0.002
0.002
0.009
0.0
0.007
0.0
0.0
0.0
0.0
0.0
0.0
0.0
0.0
0.0
0.0
0.0
0.005
0.004
0.0
0.0
0.0
0.0
0.001
0.0
0.0
0.0
0.0
0.0
0.0
0.0
0.0
0.0
0.0
0.0
0.0
0.0
0.001
0.0
0.0
0.0
0.0
0.0
0.0
0.0
0.0
0.0
0.0
0.0
0.0
0.0
0.0
0.0
0.0
0.0
0.0
0.003
0.003
0.001
0.0
0.008
0.0
0.0
0.001
0.0
0.0
0.0
0.0
0.0
0.0
0.0
0.002
0.0
0.002
0.001
0.006
0.009
0.005
0.005
0.016
0.009
0.005
0.0
0.006
0.001
0.002
0.006
0.003
0.0
0.001
0.014
0.012
0.001
0.011
0.0
0.017
0.0
0.0
0.0
0.0
0.0
0.0
0.002
0.0
0.0
0.0
0.0
0.008
0.002
0.0
0.0
0.0
0.0
0.0
0.0
0.0
0.0
0.0
0.0
0.0
0.0
0.0
0.0
0.0
0.0
0.0
0.0
0.0
0.0
0.0
0.0
0.0
0.0
0.0
0.0
0.0
0.0
0.0
0.0
0.0
0.0
0.0
0.0
0.0
0.0
0.0
0.0
0.005
0.0
0.0
0.0
0.0
0.005
0.001
0.006
0.0
0.0
0.001
0.002
0.0
0.0
0.0
0.013
0.014
0.008
0.001
0.006
0.01
0.016
0.002
0.008
0.02
0.005
0.001
0.006
0.01
0.01
0.004
0.0
0.015
0.005
0.024
0.005
0.008
0.006
0.0
0.002
0.0
0.0
0.0
0.002
0.0
0.0
0.0
0.0
0.0
0.0
0.0
0.0
0.0
0.0
0.0
0.0
0.001
0.0
0.009
0.0
0.0
0.0
0.001
0.0
0.0
0.0
0.0
0.0
0.0
0.0
0.0
0.0
0.0
0.0
0.0
0.0
0.0
0.0
0.0
0.0
0.0
0.0
0.0
0.0
0.0
0.0
0.0
0.0
0.0
0.001
0.002
0.0
0.0
0.004
0.0
0.006
0.005
0.003
0.001
0.002
0.0
0.002
0.002
0.0
0.007
0.015
0.0
0.001
0.003
0.003
0.001
0.008
0.001
0.018
0.002
0.0
0.003
0.004
0.0
0.005
0.003
0.003
0.002
0.014
0.015
0.012
0.003
0.002
0.003
0.009
0.004
0.001
0.0
0.0
0.0
0.001
0.001
0.0
0.001
0.001
0.0
0.0
0.001
0.0
0.0
0.0
0.0
0.001
0.007
0.001
0.0
0.001
0.0
0.002
0.0
0.001
0.0
0.0
0.0
0.0
0.001
0.0
0.0
0.0
0.0
0.0
0.0
0.0
0.0
0.0
0.0
0.0
0.0
0.0
0.0
0.0
0.0
0.0
0.0
0.0
0.0
0.004
0.003
0.004
0.0
0.0
0.002
0.002
0.006
0.001
0.001
0.001
0.0
0.0
0.008
0.014
0.0
0.004
0.002
0.007
0.001
0.008
0.011
0.011
0.004
0.005
0.0
0.002
0.003
0.022
0.011
0.008
0.024
0.023
0.04
0.058
0.004
0.004
0.008
0.026
0.005
0.02
0.013
0.003
0.0
0.0
0.0
0.001
0.0
0.0
0.0
0.001
0.0
0.0
0.0
0.001
0.0
0.002
0.0
0.002
0.002
0.0
0.0
0.0
0.0
0.0
0.0
0.001
0.0
0.0
0.0
0.0
0.0
0.0
0.0
0.0
0.0
0.0
0.0
0.0
0.0
0.0
0.0
0.0
0.0
0.0
0.0
0.0
0.0
0.0
0.001
0.001
0.002
0.0
0.0
0.0
0.001
0.001
0.0
0.0
0.0
0.0
0.0
0.0
0.001
0.0
0.005
0.012
0.016
0.014
0.009
0.027
0.004
0.007
0.006
0.007
0.027
0.004
0.004
0.017
0.027
0.006
0.043
0.01
0.059
0.025
0.035
0.003
0.005
0.013
0.003
0.012
0.005
0.012
0.0
0.0
0.0
0.001
0.001
0.001
0.008
0.015
0.0
0.002
0.001
0.003
0.004
0.59
0.002
0.002
0.0
0.0
0.0
0.0
0.0
0.0
0.0
0.0
0.0
0.0
0.0
0.0
0.0
0.0
0.0
0.0
0.0
0.0
0.0
0.0
0.0
0.0
0.0
0.0
0.0
0.0
0.0
0.0
0.0
0.001
0.0
0.0
0.0
0.0
0.0
0.0
0.0
0.0
0.0
0.001
0.002
0.002
0.034
0.012
0.003
0.008
0.003
0.011
0.019
0.004
0.021
0.0
0.006
0.008
0.006
0.012
0.026
0.023
0.024
0.009
0.013
0.025
0.035
0.062
0.09
0.037
0.001
0.001
0.005
0.0
0.004
0.005
0.009
0.005
0.0
0.006
0.006
0.001
0.0
0.0
0.004
0.01
0.0
0.0
0.0
0.012
0.06
1.438
0.142
0.002
0.0
0.0
0.0
0.0
0.0
0.0
0.0
0.0
0.0
0.0
0.0
0.0
0.0
0.0
0.0
0.0
0.0
0.0
0.0
0.0
0.0
0.0
0.0
0.0
0.0
0.0
0.0
0.0
0.0
0.001
0.0
0.0
0.0
0.0
0.0
0.0
0.0
0.0
0.001
0.007
0.004
0.002
0.005
0.012
0.015
0.0
0.006
0.011
0.001
0.005
0.023
0.002
0.012
0.011
0.011
0.019
0.027
0.005
0.004
0.023
0.012
0.02
0.011
0.031
0.053
0.009
0.026
0.016
0.002
0.008
0.0
0.0
0.0
0.001
0.0
0.0
0.005
0.003
0.003
0.003
0.001
0.0
0.004
0.001
0.001
0.001
0.026
1.489
0.012
0.0
0.0
0.0
0.001
0.0
0.0
0.0
0.0
0.0
0.0
0.0
0.0
0.0
0.0
0.0
0.0
0.0
0.0
0.0
0.0
0.0
0.0
0.0
0.0
0.0
0.0
0.0
0.0
0.0
0.0
0.0
0.0
0.0
0.0
0.0
0.0
0.0
0.0
0.002
0.005
0.001
0.003
0.006
0.0
0.001
0.005
0.003
0.009
0.01
0.004
0.006
0.0
0.0
0.001
0.04
0.014
0.013
0.006
0.011
0.006
0.031
0.019
0.02
0.009
0.022
0.006
0.008
0.014
0.059
0.099
0.005
0.009
0.0
0.0
0.0
0.0
0.001
0.0
0.001
0.0
0.0
0.004
0.004
0.0
0.0
0.0
0.0
0.0
0.002
0.006
0.001
0.0
0.0
0.0
0.0
0.0
0.0
0.0
0.0
0.0
0.0
0.0
0.0
0.0
0.0
0.0
0.0
0.0
0.0
0.0
0.0
0.0
0.0
0.0
0.0
0.0
0.0
0.0
0.0
0.0
0.0
0.001
0.0
0.0
0.0
0.0
0.0
0.001
0.006
0.003
0.0
0.001
0.004
0.005
0.004
0.001
0.001
0.008
0.005
0.004
0.006
0.002
0.013
0.001
0.022
0.013
0.01
0.018
0.002
0.003
0.019
0.016
0.012
0.035
0.024
0.059
0.022
0.048
0.036
0.104
0.03
0.003
0.005
0.007
0.014
0.005
0.014
0.0
0.008
0.0
0.006
0.023
0.008
0.001
0.0
0.0
0.0
0.002
0.001
0.034
0.009
0.003
0.001
0.0
0.0
0.0
0.0
0.0
0.0
0.0
0.0
0.0
0.0
0.0
0.0
0.0
0.0
0.0
0.0
0.0
0.0
0.0
0.0
0.0
0.0
0.0
0.0
0.001
0.001
0.0
0.0
0.0
0.0
0.0
0.0
0.0
0.0
0.0
0.001
0.002
0.0
0.001
0.003
0.0
0.0
0.011
0.003
0.001
0.0
0.003
0.001
0.019
0.013
0.004
0.0
0.001
0.015
0.006
0.029
0.044
0.01
0.012
0.02
0.009
0.005
0.017
0.003
0.014
0.011
0.046
0.024
0.052
0.016
0.022
0.005
0.002
0.002
0.0
0.004
0.0
0.013
0.003
0.011
0.047
0.036
0.0
0.001
0.002
0.0
0.002
0.0
0.0
0.0
0.0
0.0
0.0
0.0
0.0
0.0
0.0
0.0
0.0
0.0
0.0
0.0
0.0
0.0
0.0
0.0
0.0
0.0
0.0
0.0
0.0
0.0
0.002
0.0
0.001
0.0
0.0
0.0
0.0
0.0
0.0
0.0
0.0
0.0
0.0
0.0
0.0
0.0
0.004
0.001
0.003
0.001
0.006
0.001
0.003
0.001
0.021
0.006
0.0
0.004
0.0
0.0
0.0
0.003
0.039
0.006
0.007
0.02
0.015
0.019
0.011
0.027
0.042
0.025
0.06
0.083
0.097
0.006
0.048
0.014
0.014
0.004
0.059
0.004
0.0
0.0
0.002
0.01
0.038
0.01
0.021
0.0
0.0
0.003
0.002
0.002
0.0
0.008
0.0
0.0
0.0
0.0
0.0
0.0
0.0
0.0
0.0
0.0
0.0
0.0
0.0
0.0
0.0
0.0
0.0
0.0
0.0
0.0
0.0
0.0
0.0
0.0
0.0
0.0
0.0
0.0
0.0
0.0
0.001
0.002
0.0
0.0
0.0
0.0
0.0
0.001
0.0
0.005
0.002
0.001
0.006
0.014
0.004
0.002
0.002
0.002
0.012
0.003
0.0
0.004
0.018
0.009
0.002
0.0
0.013
0.012
0.001
0.02
0.016
0.011
0.011
0.034
0.014
0.032
0.152
0.069
0.035
0.161
0.089
0.1
0.012
0.007
0.089
0.053
0.0
0.0
0.0
0.002
0.0
0.045
0.017
0.002
0.0
0.001
0.004
0.0
0.0
0.0
0.0
0.0
0.0
0.0
0.0
0.0
0.0
0.0
0.0
0.0
0.0
0.0
0.0
0.0
0.0
0.0
0.0
0.0
0.0
0.0
0.0
0.0
0.0
0.0
0.0
0.0
0.001
0.0
0.0
0.0
0.0
0.0
0.0
0.0
0.0
0.0
0.0
0.018
0.0
0.001
0.005
0.004
0.0
0.008
0.0
0.001
0.006
0.006
0.006
0.013
0.025
0.045
0.02
0.016
0.002
0.0
0.012
0.05
0.01
0.012
0.019
0.073
0.048
0.012
0.05
0.189
0.171
0.137
0.173
0.117
0.047
0.051
0.071
0.048
0.104
0.135
0.028
0.028
0.022
0.009
0.011
0.002
0.001
0.0
0.002
0.0
0.003
0.0
0.0
0.0
0.0
0.0
0.0
0.0
0.0
0.0
0.0
0.0
0.0
0.0
0.0
0.0
0.0
0.0
0.0
0.0
0.0
0.0
0.0
0.0
0.0
0.0
0.0
0.0
0.0
0.0
0.0
0.0
0.0
0.001
0.001
0.002
0.005
0.003
0.001
0.004
0.0
0.008
0.0
0.002
0.007
0.004
0.009
0.019
0.008
0.001
0.011
0.009
0.042
0.062
0.009
0.014
0.028
0.028
0.005
0.014
0.002
0.025
0.021
0.081
0.083
0.055
0.091
0.04
0.073
0.166
0.1
0.049
0.041
0.031
0.044
0.173
0.036
0.211
0.087
0.079
0.348
0.072
0.012
0.022
0.005
0.003
0.0
0.002
0.01
0.0
0.0
0.0
0.0
0.0
0.0
0.0
0.0
0.0
0.0
0.0
0.0
0.0
0.0
0.0
0.0
0.0
0.0
0.0
0.0
0.001
0.0
0.0
0.0
0.0
0.0
0.0
0.0
0.0
0.0
0.0
0.001
0.0
0.0
0.001
0.001
0.001
0.0
0.0
0.001
0.006
0.004
0.006
0.005
0.003
0.005
0.0
0.006
0.0
0.005
0.014
0.001
0.005
0.008
0.004
0.0
0.009
0.005
0.003
0.0
0.002
0.007
0.0
0.023
0.126
0.093
0.104
0.023
0.031
0.049
0.071
0.156
0.097
0.16
0.105
0.126
0.089
0.036
0.106
0.05
0.236
0.137
0.311
0.019
0.037
0.001
0.0
0.001
0.006
0.0
0.0
0.0
0.0
0.0
0.0
0.0
0.0
0.0
0.0
0.0
0.0
0.0
0.0
0.0
0.0
0.0
0.0
0.0
0.0
0.0
0.001
0.0
0.001
0.001
0.0
0.0
0.0
0.0
0.0
0.0
0.0
0.0
0.0
0.0
0.0
0.0
0.0
0.0
0.005
0.001
0.008
0.002
0.0
0.0
0.004
0.0
0.0
0.001
0.0
0.006
0.001
0.004
0.001
0.003
0.003
0.002
0.001
0.001
0.028
0.005
0.001
0.0
0.008
0.001
0.019
0.12
0.241
0.127
0.079
0.018
0.028
0.069
0.031
0.178
0.035
0.032
0.097
0.045
0.284
0.341
0.188
0.109
0.029
0.01
0.0
0.001
0.0
0.004
0.0
0.001
0.0
0.0
0.0
0.0
0.0
0.0
0.0
0.0
0.0
0.0
0.0
0.0
0.0
0.0
0.0
0.0
0.0
0.0
0.0
0.0
0.0
0.002
0.002
0.0
0.0
0.0
0.0
0.0
0.0
0.0
0.0
0.0
0.0
0.0
0.0
0.0
0.0
0.001
0.003
0.0
0.001
0.0
0.002
0.002
0.002
0.0
0.001
0.0
0.008
0.005
0.0
0.002
0.024
0.007
0.001
0.001
0.007
0.001
0.016
0.001
0.001
0.005
0.003
0.0
0.0
0.014
0.054
0.159
0.071
0.111
0.041
0.079
0.193
0.44
0.253
0.031
0.061
0.022
0.386
0.065
0.033
0.003
0.001
0.0
0.003
0.0
0.0
0.0
0.0
0.0
0.0
0.0
0.0
0.0
0.0
0.0
0.0
0.0
0.0
0.0
0.0
0.0
0.0
0.0
0.0
0.0
0.0
0.0
0.0
0.0
0.0
0.003
0.001
0.0
0.0
0.0
0.0
0.0
0.0
0.0
0.0
0.0
0.0
0.0
0.002
0.0
0.0
0.0
0.0
0.0
0.003
0.005
0.012
0.009
0.004
0.005
0.002
0.0
0.009
0.012
0.0
0.003
0.004
0.006
0.0
0.003
0.003
0.0
0.0
0.0
0.0
0.0
0.013
0.005
0.01
0.008
0.022
0.059
0.053
0.189
0.117
0.056
0.202
0.118
0.864
0.051
0.078
0.166
0.004
0.004
0.024
0.0
0.001
0.011
0.008
0.001
0.004
0.003
0.0
0.001
0.0
0.0
0.0
0.0
0.0
0.0
0.0
0.0
0.0
0.0
0.0
0.0
0.0
0.0
0.0
0.0
0.0
0.0
0.0
0.0
0.0
0.0
0.0
0.0
0.0
0.0
0.0
0.0
0.0
0.0
0.0
0.0
0.0
0.0
0.0
0.0
0.0
0.0
0.001
0.0
0.0
0.0
0.012
0.002
0.001
0.002
0.006
0.0
0.003
0.0
0.0
0.0
0.0
0.001
0.001
0.003
0.0
0.0
0.0
0.0
0.0
0.002
0.06
0.01
0.006
0.0
0.01
0.037
0.014
0.058
0.262
0.431
0.069
0.022
0.484
0.104
0.198
0.06
0.043
0.092
0.093
0.136
0.101
0.106
0.007
0.085
0.005
0.005
0.001
0.001
0.0
0.0
0.0
0.0
0.0
0.0
0.0
0.0
0.0
0.0
0.0
0.0
0.0
0.0
0.0
0.0
0.001
0.0
0.0
0.0
0.0
0.001
0.0
0.001
0.0
0.0
0.0
0.0
0.0
0.0
0.0
0.0
0.0
0.0
0.0
0.0
0.0
0.001
0.0
0.0
0.0
0.004
0.003
0.002
0.002
0.002
0.0
0.0
0.001
0.002
0.0
0.0
0.003
0.0
0.002
0.001
0.0
0.0
0.001
0.0
0.189
0.08
0.047
0.076
0.115
0.065
0.003
0.017
0.025
0.055
0.14
0.863
0.052
0.279
0.579
0.05
1.744
0.076
0.174
0.321
0.135
0.066
0.097
0.008
0.031
0.012
0.006
0.006
0.02
0.006
0.0
0.019
0.007
0.0
0.0
0.0
0.0
0.0
0.0
0.0
0.0
0.0
0.0
0.0
0.0
0.0
0.0
0.0
0.0
0.001
0.0
0.0
0.0
0.0
0.0
0.0
0.0
0.0
0.0
0.0
0.0
0.0
0.0
0.0
0.0
0.0
0.0
0.0
0.0
0.001
0.0
0.001
0.001
0.0
0.0
0.0
0.001
0.0
0.0
0.004
0.0
0.0
0.0
0.0
0.0
0.0
0.0
0.0
0.0
0.003
0.006
0.01
0.03
0.001
0.056
0.099
0.005
0.027
0.145
0.042
0.025
0.312
0.193
0.078
0.574
0.491
1.989
0.098
0.128
0.929
0.483
0.13
0.043
0.023
0.012
0.039
0.01
0.0
0.002
0.001
0.001
0.005
0.004
0.001
0.0
0.0
0.0
0.0
0.0
0.0
0.0
0.0
0.0
0.0
0.0
0.0
0.0
0.0
0.0
0.0
0.0
0.0
0.0
0.0
0.0
0.0
0.0
0.0
0.0
0.0
0.0
0.0
0.0
0.0
0.0
0.0
0.0
0.0
0.0
0.0
0.0
0.0
0.0
0.0
0.0
0.0
0.0
0.001
0.0
0.0
0.0
0.0
0.0
0.0
0.0
0.001
0.0
0.001
0.007
0.01
0.007
0.008
0.007
0.012
0.0
0.025
0.026
0.021
0.004
0.045
0.042
0.244
0.047
0.248
2.046
3.7
3.942
0.814
0.684
0.098
0.11
0.11
0.014
0.053
0.042
0.017
0.004
0.008
0.001
0.004
0.0
0.003
0.0
0.0
0.0
0.0
0.0
0.0
0.0
0.0
0.0
0.001
0.0
0.0
0.0
0.0
0.0
0.0
0.0
0.0
0.0
0.0
0.0
0.0
0.0
0.0
0.0
0.0
0.0
0.0
0.0
0.0
0.0
0.0
0.0
0.0
0.0
0.0
0.0
0.0
0.0
0.0
0.0
0.0
0.001
0.0
0.0
0.0
0.0
0.0
0.0
0.0
0.0
0.0
0.0
0.0
0.0
0.0
0.005
0.001
0.005
0.005
0.009
0.013
0.022
0.011
0.028
0.006
0.009
0.009
0.007
0.044
0.395
1.701
3.069
1.487
2.71
0.892
0.574
0.12
0.041
0.055
0.009
0.009
0.029
0.012
0.02
0.035
0.013
0.022
0.0
0.0
0.0
0.0
0.0
0.0
0.002
0.0
0.0
0.001
0.002
0.001
0.0
0.0
0.001
0.0
0.0
0.0
0.0
0.0
0.0
0.0
0.0
0.0
0.0
0.0
0.0
0.0
0.0
0.0
0.0
0.0
0.0
0.0
0.0
0.0
0.0
0.0
0.0
0.0
0.0
0.0
0.0
0.0
0.0
0.001
0.0
0.0
0.0
0.0
0.0
0.0
0.0
0.002
0.003
0.002
0.0
0.004
0.011
0.006
0.003
0.0
0.038
0.004
0.006
0.003
0.009
0.005
0.014
0.012
0.232
0.351
0.219
0.164
0.161
0.197
0.191
0.093
0.059
0.039
0.26
0.093
0.004
0.03
0.039
0.016
0.01
0.007
0.013
0.017
0.006
0.0
0.001
0.001
0.0
0.0
0.0
0.0
0.008
0.0
0.004
0.0
0.0
0.004
0.0
0.0
0.0
0.0
0.0
0.0
0.0
0.0
0.0
0.0
0.0
0.0
0.0
0.0
0.0
0.0
0.0
0.0
0.0
0.0
0.0
0.0
0.0
0.0
0.0
0.0
0.0
0.0
0.0
0.003
0.001
0.002
0.0
0.0
0.0
0.0
0.0
0.0
0.0
0.001
0.006
0.002
0.0
0.006
0.006
0.001
0.007
0.009
0.005
0.002
0.006
0.003
0.001
0.0
0.088
0.121
0.028
0.169
0.076
0.169
0.081
0.386
0.519
0.106
0.108
0.004
0.102
0.083
0.066
0.055
0.024
0.007
0.013
0.021
0.008
0.033
0.006
0.003
0.002
0.0
0.0
0.0
0.0
0.001
0.0
0.0
0.0
0.003
0.001
0.001
0.0
0.0
0.0
0.0
0.0
0.0
0.0
0.0
0.0
0.0
0.0
0.0
0.0
0.0
0.0
0.0
0.0
0.0
0.0
0.0
0.0
0.0
0.0
0.0
0.0
0.0
0.0
0.0
0.0
0.0
0.0
0.003
0.0
0.0
0.003
0.0
0.0
0.002
0.001
0.002
0.003
0.003
0.004
0.004
0.0
0.002
0.005
0.002
0.002
0.001
0.0
0.006
0.006
0.0
0.06
0.087
0.03
0.142
0.043
0.013
0.453
0.806
0.747
0.522
0.024
0.029
0.2
0.087
0.058
0.062
0.034
0.015
0.011
0.026
0.024
0.029
0.014
0.0
0.0
0.0
0.003
0.0
0.001
0.002
0.0
0.0
0.001
0.0
0.0
0.002
0.0
0.0
0.0
0.0
0.0
0.0
0.0
0.0
0.0
0.0
0.0
0.0
0.0
0.0
0.0
0.0
0.003
0.0
0.0
0.0
0.0
0.002
0.0
0.0
0.0
0.0
0.0
0.0
0.0
0.003
0.0
0.0
0.003
0.002
0.0
0.0
0.0
0.0
0.001
0.0
0.0
0.001
0.002
0.001
0.003
0.003
0.0
0.001
0.0
0.0
0.003
0.002
0.004
0.004
0.021
0.038
0.041
0.06
0.01
0.124
1.192
1.407
0.099
0.103
0.174
0.099
0.059
0.153
0.082
0.093
0.042
0.017
0.0
0.0
0.004
0.007
0.003
0.003
0.001
0.0
0.008
0.0
0.0
0.021
0.0
0.0
0.0
0.0
0.0
0.0
0.0
0.0
0.0
0.0
0.0
0.0
0.0
0.0
0.0
0.0
0.0
0.0
0.0
0.0
0.0
0.0
0.0
0.0
0.001
0.006
0.0
0.0
0.0
0.0
0.0
0.0
0.0
0.0
0.0
0.0
0.0
0.0
0.01
0.001
0.001
0.037
0.0
0.0
0.0
0.0
0.0
0.001
0.02
0.0
0.001
0.0
0.001
0.006
0.0
0.001
0.001
0.0
0.003
0.007
0.005
0.091
0.025
0.041
0.015
0.163
1.699
1.057
0.551
0.248
0.165
0.149
0.261
0.043
0.02
0.01
0.008
0.027
0.012
0.003
0.018
0.0
0.004
0.001
0.006
0.002
0.004
0.0
0.0
0.005
0.002
0.0
0.0
0.0
0.0
0.0
0.0
0.0
0.0
0.0
0.0
0.0
0.0
0.0
0.0
0.0
0.0
0.0
0.0
0.0
0.0
0.0
0.0
0.0
0.0
0.0
0.0
0.0
0.0
0.0
0.0
0.0
0.0
0.0
0.0
0.0
0.0
0.003
0.0
0.0
0.0
0.001
0.0
0.0
0.0
0.0
0.0
0.013
0.007
0.006
0.004
0.0
0.0
0.001
0.003
0.001
0.0
0.0
0.102
0.018
0.023
0.026
0.033
0.029
0.021
0.025
0.224
0.907
0.254
0.173
0.061
0.085
0.174
0.086
0.027
0.009
0.013
0.029
0.003
0.013
0.005
0.003
0.0
0.0
0.001
0.003
0.0
0.0
0.0
0.0
0.002
0.0
0.0
0.003
0.005
0.0
0.0
0.0
0.0
0.0
0.0
0.0
0.0
0.0
0.0
0.0
0.0
0.0
0.0
0.0
0.0
0.0
0.0
0.0
0.0
0.001
0.0
0.0
0.0
0.0
0.0
0.0
0.0
0.001
0.0
0.0
0.0
0.0
0.0
0.0
0.0
0.0
0.0
0.0
0.0
0.001
0.006
0.009
0.008
0.0
0.0
0.002
0.001
0.0
0.0
0.0
0.006
0.001
0.002
0.017
0.02
0.031
0.017
0.031
0.02
0.017
0.071
0.194
0.174
0.132
0.076
0.002
0.187
0.008
0.01
0.206
0.089
0.014
0.002
0.005
0.016
0.021
0.008
0.001
0.0
0.0
0.0
0.0
0.001
0.0
0.001
0.0
0.0
0.0
0.0
0.0
0.0
0.0
0.0
0.0
0.0
0.0
0.0
0.0
0.0
0.0
0.0
0.0
0.0
0.0
0.0
0.0
0.002
0.0
0.0
0.0
0.0
0.0
0.0
0.0
0.0
0.0
0.0
0.0
0.001
0.001
0.0
0.0
0.003
0.0
0.0
0.001
0.0
0.002
0.001
0.005
0.001
0.0
0.027
0.0
0.0
0.0
0.001
0.001
0.0
0.006
0.003
0.003
0.003
0.011
0.008
0.009
0.014
0.009
0.031
0.028
0.033
0.066
0.198
0.121
0.035
0.033
0.113
0.071
0.034
0.045
0.004
0.051
0.013
0.011
0.015
0.008
0.006
0.001
0.0
0.001
0.0
0.001
0.0
0.002
0.002
0.006
0.0
0.0
0.0
0.0
0.0
0.0
0.0
0.0
0.0
0.0
0.0
0.0
0.0
0.0
0.0
0.0
0.0
0.0
0.0
0.0
0.006
0.014
0.011
0.002
0.001
0.002
0.0
0.0
0.0
0.0
0.0
0.0
0.0
0.0
0.0
0.0
0.0
0.0
0.0
0.0
0.0
0.001
0.001
0.001
0.005
0.0
0.01
0.0
0.0
0.0
0.0
0.0
0.001
0.0
0.001
0.001
0.002
0.0
0.008
0.011
0.005
0.002
0.011
0.079
0.057
0.129
0.057
0.108
0.103
0.129
0.115
0.114
0.037
0.085
0.008
0.01
0.013
0.012
0.014
0.003
0.01
0.01
0.012
0.011
0.0
0.001
0.0
0.0
0.0
0.0
0.0
0.0
0.003
0.0
0.0
0.0
0.0
0.0
0.0
0.0
0.0
0.0
0.0
0.0
0.0
0.0
0.0
0.0
0.0
0.001
0.001
0.005
0.017
0.0
0.001
0.001
0.0
0.0
0.002
0.0
0.001
0.0
0.0
0.003
0.0
0.0
0.0
0.0
0.0
0.0
0.001
0.011
0.0
0.0
0.0
0.001
0.001
0.001
0.0
0.0
0.0
0.0
0.0
0.008
0.0
0.001
0.002
0.001
0.003
0.012
0.013
0.004
0.013
0.023
0.031
0.056
0.126
0.066
0.108
0.026
0.082
0.043
0.056
0.072
0.076
0.015
0.027
0.027
0.005
0.003
0.001
0.008
0.007
0.003
0.005
0.0
0.001
0.0
0.001
0.001
0.0
0.0
0.0
0.0
0.0
0.0
0.0
0.0
0.0
0.0
0.0
0.0
0.0
0.0
0.0
0.0
0.0
0.0
0.0
0.001
0.0
0.0
0.0
0.0
0.001
0.0
0.003
0.0
0.0
0.0
0.0
0.0
0.0
0.0
0.0
0.0
0.001
0.0
0.0
0.0
0.0
0.0
0.0
0.0
0.0
0.0
0.001
0.0
0.0
0.0
0.0
0.0
0.0
0.0
0.0
0.0
0.001
0.0
0.007
0.005
0.0
0.0
0.007
0.003
0.015
0.018
0.021
0.292
0.018
0.048
0.082
0.086
0.043
0.081
0.032
0.006
0.009
0.01
0.008
0.003
0.004
0.026
0.008
0.006
0.0
0.0
0.0
0.0
0.0
0.0
0.0
0.0
0.0
0.0
0.0
0.0
0.0
0.0
0.0
0.0
0.0
0.0
0.0
0.0
0.0
0.0
0.0
0.0
0.0
0.0
0.0
0.0
0.0
0.0
0.0
0.0
0.002
0.0
0.0
0.0
0.0
0.0
0.0
0.0
0.0
0.0
0.0
0.001
0.001
0.001
0.0
0.001
0.0
0.0
0.0
0.001
0.001
0.0
0.0
0.0
0.004
0.0
0.001
0.0
0.003
0.001
0.002
0.002
0.02
0.003
0.0
0.0
0.053
0.026
0.008
0.026
0.045
0.015
0.136
0.069
0.097
0.023
0.009
0.177
0.049
0.009
0.01
0.018
0.018
0.011
0.006
0.005
0.003
0.0
0.001
0.0
0.0
0.0
0.0
0.0
0.0
0.005
0.0
0.0
0.0
0.0
0.0
0.003
0.0
0.0
0.0
0.0
0.0
0.0
0.0
0.0
0.0
0.0
0.0
0.0
0.0
0.0
0.0
0.0
0.0
0.0
0.0
0.001
0.0
0.0
0.0
0.0
0.0
0.0
0.0
0.0
0.0
0.0
0.001
0.001
0.0
0.0
0.001
0.0
0.0
0.0
0.0
0.0
0.0
0.0
0.007
0.001
0.0
0.001
0.0
0.003
0.002
0.0
0.012
0.006
0.001
0.0
0.015
0.038
0.009
0.021
0.071
0.014
0.13
0.076
0.049
0.011
0.058
0.157
0.049
0.066
0.011
0.001
0.009
0.022
0.009
0.007
0.0
0.0
0.016
0.004
0.0
0.0
0.0
0.0
0.0
0.0
0.0
0.0
0.0
0.0
0.0
0.0
0.0
0.0
0.0
0.0
0.0
0.0
0.0
0.0
0.0
0.0
0.0
0.0
0.0
0.0
0.0
0.0
0.001
0.0
0.0
0.0
0.0
0.0
0.0
0.0
0.0
0.0
0.0
0.0
0.001
0.0
0.001
0.001
0.0
0.0
0.0
0.0
0.0
0.0
0.0
0.001
0.004
0.0
0.001
0.003
0.001
0.0
0.0
0.0
0.0
0.0
0.002
0.002
0.005
0.004
0.013
0.018
0.007
0.056
0.101
0.048
0.03
0.016
0.007
0.026
0.029
0.03
0.104
0.021
0.012
0.022
0.007
0.003
0.012
0.004
0.0
0.0
0.003
0.0
0.0
0.0
0.0
0.0
0.001
0.0
0.0
0.0
0.0
0.0
0.0
0.0
0.0
0.0
0.0
0.0
0.0
0.0
0.0
0.0
0.0
0.0
0.0
0.0
0.0
0.0
0.0
0.0
0.0
0.0
0.0
0.0
0.0
0.0
0.0
0.0
0.0
0.0
0.0
0.0
0.001
0.0
0.002
0.001
0.0
0.0
0.0
0.0
0.0
0.0
0.001
0.0
0.002
0.001
0.004
0.002
0.004
0.001
0.001
0.0
0.0
0.002
0.003
0.0
0.003
0.017
0.007
0.0
0.0
0.007
0.079
0.015
0.019
0.02
0.07
0.024
0.006
0.025
0.005
0.009
0.005
0.012
0.009
0.0
0.016
0.001
0.007
0.019
0.005
0.0
0.0
0.004
0.0
0.0
0.0
0.0
0.007
0.0
0.0
0.0
0.0
0.0
0.0
0.0
0.0
0.0
0.0
0.0
0.0
0.0
0.003
0.0
0.0
0.0
0.0
0.0
0.0
0.0
0.0
0.0
0.0
0.0
0.0
0.0
0.0
0.0
0.0
0.0
0.0
0.0
0.0
0.002
0.003
0.001
0.0
0.0
0.0
0.001
0.0
0.0
0.0
0.0
0.005
0.003
0.014
0.017
0.009
0.0
0.001
0.002
0.0
0.003
0.0
0.0
0.001
0.012
0.024
0.01
0.011
0.007
0.042
0.009
0.009
0.009
0.147
0.021
0.017
0.027
0.018
0.017
0.001
0.02
0.004
0.005
0.013
0.0
0.0
0.0
0.0
0.003
0.005
0.011
0.0
0.0
0.0
0.0
0.0
0.0
0.0
0.0
0.0
0.0
0.0
0.0
0.0
0.0
0.0
0.0
0.0
0.0
0.0
0.0
0.0
0.0
0.0
0.0
0.0
0.0
0.0
0.0
0.0
0.0
0.0
0.0
0.0
0.0
0.0
0.0
0.0
0.0
0.0
0.0
0.001
0.0
0.0
0.0
0.0
0.0
0.0
0.0
0.0
0.001
0.001
0.0
0.004
0.015
0.004
0.0
0.007
0.0
0.007
0.003
0.005
0.001
0.007
0.016
0.016
0.006
0.014
0.008
0.072
0.015
0.018
0.005
0.095
0.036
0.017
0.024
0.047
0.016
0.003
0.025
0.0
0.009
0.006
0.001
0.0
0.0
0.0
0.0
0.001
0.002
0.0
0.0
0.0
0.0
0.0
0.0
0.0
0.0
0.0
0.0
0.0
0.0
0.0
0.0
0.0
0.0
0.0
0.0
0.002
0.001
0.0
0.0
0.0
0.0
0.0
0.0
0.0
0.001
0.001
0.0
0.001
0.0
0.0
0.0
0.0
0.0
0.0
0.0
0.0
0.001
0.005
0.0
0.0
0.0
0.0
0.0
0.0
0.0
0.0
0.001
0.0
0.0
0.001
0.001
0.006
0.01
0.0
0.0
0.005
0.012
0.007
0.003
0.012
0.008
0.003
0.007
0.004
0.004
0.023
0.029
0.021
0.001
0.007
0.022
0.023
0.017
0.001
0.027
0.009
0.007
0.002
0.0
0.0
0.007
0.003
0.001
0.0
0.0
0.0
0.0
0.0
0.0
0.0
0.0
0.0
0.001
0.0
0.002
0.0
0.0
0.0
0.0
0.0
0.0
0.0
0.0
0.0
0.0
0.0
0.0
0.0
0.0
0.0
0.0
0.0
0.0
0.0
0.0
0.0
0.001
0.0
0.0
0.0
0.001
0.0
0.0
0.0
0.0
0.0
0.001
0.0
0.0
0.001
0.0
0.0
0.0
0.0
0.0
0.0
0.0
0.0
0.0
0.003
0.0
0.005
0.003
0.0
0.0
0.002
0.01
0.003
0.001
0.003
0.009
0.031
0.023
0.003
0.01
0.009
0.022
0.011
0.003
0.012
0.022
0.021
0.001
0.005
0.005
0.005
0.008
0.0
0.001
0.0
0.001
0.0
0.0
0.0
0.0
0.0
0.0
0.0
0.0
0.0
0.0
0.0
0.003
0.0
0.002
0.0
0.0
0.0
0.0
0.0
0.0
0.0
0.0
0.0
0.0
0.0
0.003
0.0
0.0
0.0
0.0
0.0
0.0
0.0
0.0
0.0
0.0
0.0
0.001
0.0
0.0
0.0
0.0
0.0
0.0
0.0
0.001
0.0
0.0
0.0
0.0
0.0
0.001
0.0
0.0
0.0
0.0
0.0
0.0
0.0
0.001
0.0
0.002
0.001
0.0
0.002
0.005
0.001
0.001
0.001
0.005
0.028
0.023
0.024
0.007
0.004
0.012
0.02
0.005
0.003
0.019
0.011
0.007
0.003
0.003
0.04
0.013
0.006
0.004
0.009
0.001
0.0
0.0
0.0
0.0
0.0
0.002
0.0
0.0
0.0
0.0
0.0
0.0
0.0
0.001
0.0
0.0
0.0
0.0
0.0
0.0
0.0
0.0
0.0
0.0
0.001
0.0
0.0
0.0
0.0
0.0
0.0
0.0
0.0
0.0
0.0
0.001
0.0
0.0
0.003
0.0
0.001
0.001
0.0
0.0
0.0
0.0
0.0
0.002
0.0
0.0
0.0
0.0
0.0
0.0
0.0
0.0
0.0
0.0
0.0
0.0
0.006
0.012
0.0
0.005
0.005
0.001
0.003
0.0
0.008
0.003
0.025
0.04
0.033
0.006
0.03
0.084
0.034
0.011
0.007
0.028
0.018
0.001
0.009
0.001
0.001
0.016
0.014
0.01
0.002
0.0
0.0
0.0
0.0
0.0
0.0
0.0
0.001
0.0
0.0
0.0
0.0
0.004
0.0
0.0
0.0
0.0
0.0
0.0
0.0
0.0
0.0
0.0
0.0
0.0
0.0
0.0
0.0
0.003
0.0
0.0
0.0
0.0
0.0
0.0
0.0
0.0
0.001
0.0
0.0
0.0
0.0
0.0
0.0
0.0
0.0
0.0
0.0
0.0
0.0
0.001
0.001
0.001
0.001
0.0
0.0
0.0
0.0
0.0
0.0
0.0
0.0
0.008
0.001
0.008
0.005
0.0
0.002
0.0
0.0
0.01
0.002
0.021
0.031
0.012
0.018
0.042
0.028
0.009
0.015
0.039
0.013
0.003
0.002
0.012
0.003
0.006
0.001
0.007
0.02
0.002
0.0
0.0
0.0
0.0
0.0
0.003
0.013
0.0
0.0
0.0
0.0
0.0
0.003
0.0
0.0
0.0
0.0
0.0
0.0
0.0
0.0
0.0
0.0
0.0
0.0
0.0
0.0
0.0
0.001
0.0
0.0
0.0
0.0
0.0
0.0
0.0
0.0
0.0
0.0
0.0
0.0
0.0
0.0
0.0
0.0
0.0
0.0
0.002
0.0
0.001
0.001
0.001
0.002
0.0
0.0
0.0
0.0
0.0
0.0
0.002
0.0
0.0
0.036
0.001
0.0
0.003
0.0
0.001
0.01
0.003
0.003
0.005
0.013
0.027
0.004
0.01
0.035
0.002
0.008
0.004
0.006
0.006
0.001
0.037
0.012
0.002
0.001
0.002
0.003
0.0
0.0
0.0
0.0
0.001
0.0
0.002
0.0
0.0
0.0
0.0
0.0
0.0
0.0
0.0
0.0
0.0
0.0
0.0
0.0
0.0
0.0
0.0
0.0
0.0
0.0
0.0
0.0
0.0
0.0
0.0
0.0
0.0
0.0
0.0
0.0
0.0
0.0
0.0
0.001
0.0
0.0
0.0
0.0
0.0
0.0
0.0
0.001
0.0
0.001
0.001
0.0
0.002
0.0
0.0
0.0
0.0
0.0
0.0
0.001
0.013
0.017
0.003
0.007
0.001
0.0
0.0
0.001
0.001
0.002
0.002
0.006
0.007
0.016
0.013
0.011
0.006
0.024
0.024
0.021
0.021
0.012
0.007
0.01
0.01
0.013
0.001
0.001
0.004
0.002
0.005
0.002
0.0
0.0
0.002
0.002
0.0
0.0
0.0
0.0
0.0
0.0
0.0
0.009
0.0
0.0
0.0
0.0
0.0
0.0
0.0
0.0
0.0
0.0
0.0
0.0
0.0
0.0
0.0
0.0
0.0
0.0
0.0
0.0
0.0
0.0
0.0
0.0
0.0
0.001
0.0
0.0
0.0
0.0
0.0
0.0
0.0
0.0
0.0
0.0
0.0
0.004
0.001
0.0
0.0
0.0
0.0
0.0
0.0
0.0
0.0
0.011
0.004
0.001
0.003
0.001
0.0
0.0
0.0
0.001
0.009
0.013
0.012
0.003
0.007
0.017
0.009
0.038
0.046
0.022
0.023
0.007
0.008
0.003
0.01
0.002
0.002
0.0
0.0
0.0
0.0
0.001
0.01
0.0
0.003
0.003
0.0
0.0
0.0
0.0
0.0
0.0
0.0
0.0
0.0
0.0
0.0
0.0
0.0
0.0
0.0
0.0
0.0
0.0
0.0
0.0
0.0
0.0
0.001
0.0
0.0
0.0
0.001
0.001
0.001
0.0
0.0
0.0
0.0
0.0
0.001
0.0
0.0
0.0
0.0
0.0
0.0
0.0
0.0
0.0
0.0
0.002
0.0
0.0
0.0
0.002
0.0
0.001
0.0
0.001
0.0
0.001
0.015
0.016
0.001
0.005
0.009
0.001
0.01
0.003
0.01
0.006
0.01
0.006
0.003
0.012
0.002
0.027
0.01
0.006
0.006
0.011
0.009
0.004
0.0
0.0
0.005
0.029
0.002
0.005
0.024
0.0
0.003
0.001
0.0
0.017
0.0
0.0
0.008
0.0
0.0
0.006
0.0
0.0
0.0
0.0
0.0
0.0
0.0
0.0
0.0
0.0
0.0
0.0
0.0
0.0
0.0
0.0
0.0
0.002
0.0
0.0
0.0
0.0
0.0
0.0
0.0
0.0
0.0
0.0
0.0
0.0
0.001
0.0
0.005
0.001
0.0
0.0
0.0
0.001
0.001
0.001
0.0
0.0
0.0
0.0
0.0
0.004
0.016
0.0
0.006
0.001
0.0
0.002
0.0
0.0
0.0
0.0
0.002
0.0
0.005
0.0
0.001
0.009
0.025
0.059
0.001
0.011
0.007
0.023
0.006
0.007
0.001
0.002
0.006
0.004
0.009
0.012
0.011
0.01
0.001
0.002
0.006
0.011
0.003
0.013
0.0
0.0
0.0
0.0
0.0
0.0
0.0
0.0
0.0
0.0
0.0
0.0
0.0
0.0
0.0
0.0
0.0
0.0
0.0
0.0
0.0
0.0
0.0
0.0
0.0
0.0
0.0
0.0
0.0
0.001
0.0
0.0
0.0
0.0
0.0
0.0
0.0
0.001
0.0
0.001
0.0
0.0
0.0
0.0
0.001
0.0
0.0
0.0
0.0
0.0
0.0
0.0
0.0
0.0
0.0
0.003
0.0
0.0
0.0
0.0
0.0
0.0
0.001
0.022
0.005
0.005
0.009
0.011
0.01
0.076
0.032
0.002
0.002
0.011
0.001
0.008
0.005
0.002
0.025
0.01
0.004
0.001
0.004
0.001
0.004
0.002
0.006
0.004
0.0
0.002
0.0
0.0
0.0
0.0
0.0
0.0
0.0
0.0
0.0
0.0
0.0
0.0
0.0
0.0
0.0
0.0
0.0
0.0
0.0
0.0
0.0
0.0
0.0
0.0
0.0
0.001
0.0
0.0
0.0
0.0
0.0
0.0
0.0
0.0
0.0
0.0
0.002
0.001
0.0
0.003
0.0
0.0
0.0
0.0
0.0
0.001
0.026
0.0
0.0
0.0
0.0
0.0
0.0
0.0
0.0
0.003
0.0
0.0
0.0
0.0
0.0
0.0
0.004
0.005
0.01
0.014
0.029
0.021
0.016
0.073
0.046
0.002
0.003
0.014
0.001
0.016
0.005
0.003
0.002
0.004
0.002
0.001
0.002
0.0
0.001
0.003
0.0
0.002
0.007
0.001
0.0
0.0
0.0
0.0
0.0
0.0
0.0
0.0
0.0
0.0
0.0
0.0
0.0
0.0
0.0
0.0
0.0
0.0
0.0
0.0
0.0
0.0
0.0
0.0
0.001
0.0
0.0
0.0
0.0
0.0
0.0
0.0
0.0
0.0
0.0
0.003
0.0
0.0
0.0
0.0
0.0
0.0
0.0
0.0
0.016
0.009
0.0
0.0
0.004
0.011
0.0
0.0
0.0
0.0
0.0
0.005
0.0
0.0
0.0
0.0
0.0
0.005
0.0
0.01
0.009
0.012
0.022
0.083
0.042
0.06
0.0
0.01
0.057
0.013
0.014
0.008
0.012
0.001
0.003
0.007
0.008
0.0
0.012
0.005
0.006
0.015
0.001
0.002
0.003
0.004
0.0
0.0
0.0
0.0
0.0
0.0
0.005
0.0
0.0
0.0
0.0
0.0
0.0
0.0
0.0
0.0
0.0
0.0
0.0
0.0
0.0
0.0
0.0
0.0
0.0
0.0
0.004
0.0
0.0
0.0
0.0
0.0
0.0
0.0
0.0
0.0
0.0
0.0
0.0
0.0
0.0
0.0
0.0
0.0
0.005
0.0
0.004
0.0
0.002
0.0
0.005
0.0
0.0
0.0
0.0
0.0
0.0
0.0
0.0
0.0
0.0
0.002
0.003
0.001
0.006
0.001
0.009
0.033
0.015
0.01
0.048
0.022
0.176
0.108
0.099
0.013
0.015
0.011
0.018
0.007
0.001
0.0
0.0
0.0
0.009
0.006
0.024
0.002
0.006
0.003
0.002
0.004
0.0
0.0
0.0
0.0
0.0
0.0
0.0
0.0
0.0
0.0
0.0
0.0
0.0
0.0
0.0
0.001
0.0
0.0
0.0
0.0
0.0
0.0
0.0
0.0
0.0
0.0
0.003
0.0
0.0
0.0
0.0
0.0
0.0
0.0
0.0
0.0
0.0
0.0
0.0
0.0
0.0
0.0
0.01
0.0
0.001
0.0
0.0
0.0
0.0
0.0
0.0
0.0
0.0
0.0
0.0
0.0
0.0
0.0
0.0
0.0
0.0
0.0
0.001
0.006
0.01
0.04
0.042
0.028
0.004
0.019
0.386
0.605
0.046
0.005
0.038
0.027
0.04
0.0
0.0
0.001
0.001
0.016
0.0
0.001
0.01
0.019
0.011
0.003
0.0
0.001
0.0
0.0
0.0
0.0
0.0
0.0
0.0
0.0
0.0
0.0
0.0
0.0
0.0
0.0
0.0
0.0
0.0
0.0
0.0
0.0
0.0
0.0
0.0
0.0
0.0
0.001
0.0
0.0
0.0
0.0
0.0
0.0
0.0
0.0
0.0
0.0
0.006
0.01
0.0
0.0
0.0
0.004
0.012
0.0
0.0
0.0
0.0
0.0
0.0
0.0
0.0
0.0
0.0
0.0
0.0
0.0
0.0
0.0
0.001
0.001
0.002
0.0
0.0
0.004
0.004
0.029
0.007
0.006
0.001
0.001
0.011
0.166
0.005
0.116
0.013
0.016
0.015
0.001
0.001
0.0
0.012
0.012
0.015
0.002
0.008
0.0
0.0
0.006
0.001
0.0
0.001
0.0
0.0
0.0
0.0
0.0
0.0
0.0
0.0
0.0
0.0
0.0
0.0
0.0
0.0
0.0
0.0
0.0
0.0
0.0
0.0
0.0
0.0
0.0
0.0
0.0
0.0
0.0
0.0
0.0
0.0
0.0
0.0
0.0
0.0
0.0
0.0
0.002
0.0
0.0
0.0
0.0
0.019
0.002
0.0
0.0
0.0
0.0
0.0
0.0
0.0
0.0
0.0
0.0
0.0
0.0
0.0
0.0
0.001
0.002
0.0
0.001
0.004
0.0
0.018
0.036
0.036
0.006
0.003
0.003
0.004
0.018
0.024
0.003
0.012
0.007
0.036
0.049
0.009
0.001
0.012
0.009
0.003
0.002
0.002
0.0
0.0
0.0
0.012
0.0
0.0
0.0
0.0
0.0
0.0
0.0
0.0
0.0
0.0
0.0
0.0
0.0
0.0
0.0
0.0
0.0
0.0
0.0
0.0
0.0
0.0
0.0
0.0
0.0
0.0
0.0
0.0
0.0
0.0
0.0
0.0
0.0
0.0
0.001
0.0
0.0
0.001
0.0
0.0
0.0
0.0
0.0
0.001
0.001
0.0
0.0
0.0
0.0
0.0
0.0
0.0
0.0
0.0
0.0
0.0
0.0
0.0
0.0
0.002
0.002
0.002
0.004
0.003
0.002
0.002
0.027
0.034
0.005
0.001
0.005
0.007
0.003
0.015
0.007
0.026
0.01
0.021
0.022
0.014
0.007
0.012
0.029
0.001
0.005
0.0
0.004
0.0
0.003
0.001
0.0
0.001
0.0
0.0
0.0
0.0
0.0
0.0
0.005
0.0
0.0
0.0
0.0
0.0
0.0
0.0
0.0
0.0
0.0
0.0
0.0
0.0
0.0
0.001
0.0
0.0
0.0
0.0
0.0
0.0
0.0
0.0
0.0
0.0
0.001
0.001
0.0
0.0
0.0
0.0
0.0
0.003
0.0
0.0
0.014
0.007
0.002
0.0
0.0
0.0
0.0
0.0
0.0
0.0
0.0
0.0
0.002
0.0
0.002
0.001
0.002
0.001
0.001
0.004
0.004
0.001
0.02
0.01
0.001
0.0
0.005
0.002
0.005
0.008
0.006
0.0
0.038
0.012
0.004
0.004
0.01
0.0
0.004
0.008
0.009
0.0
0.01
0.001
0.005
0.003
0.001
0.005
0.001
0.0
0.0
0.0
0.0
0.0
0.0
0.0
0.0
0.0
0.0
0.0
0.0
0.0
0.0
0.0
0.0
0.0
0.0
0.0
0.0
0.0
0.0
0.0
0.0
0.0
0.0
0.0
0.0
0.0
0.0
0.001
0.0
0.0
0.0
0.0
0.0
0.0
0.0
0.0
0.0
0.0
0.014
0.0
0.0
0.0
0.0
0.0
0.0
0.0
0.009
0.0
0.0
0.0
0.0
0.0
0.0
0.0
0.001
0.0
0.003
0.001
0.02
0.002
0.001
0.001
0.0
0.0
0.0
0.01
0.011
0.002
0.005
0.009
0.007
0.017
0.002
0.01
0.0
0.01
0.0
0.002
0.006
0.003
0.0
0.0
0.0
0.0
0.0
0.002
0.0
0.0
0.0
0.0
0.0
0.0
0.0
0.0
0.0
0.0
0.0
0.0
0.0
0.0
0.0
0.0
0.0
0.0
0.0
0.0
0.0
0.0
0.0
0.0
0.0
0.0
0.0
0.0
0.0
0.0
0.0
0.001
0.0
0.0
0.0
0.0
0.0
0.0
0.0
0.0
0.0
0.0
0.002
0.007
0.002
0.0
0.0
0.0
0.0
0.0
0.0
0.0
0.0
0.0
0.001
0.0
0.005
0.001
0.003
0.001
0.002
0.005
0.044
0.007
0.003
0.01
0.004
0.0
0.003
0.014
0.002
0.005
0.018
0.001
0.0
0.003
0.018
0.002
0.006
0.004
0.009
0.003
0.006
0.003
0.0
0.0
0.0
0.0
0.002
0.0
0.0
0.0
0.0
0.0
0.0
0.0
0.0
0.0
0.0
0.0
0.0
0.0
0.0
0.0
0.0
0.0
0.0
0.0
0.0
0.0
0.0
0.0
0.0
0.0
0.0
0.0
0.0
0.0
0.0
0.0
0.0
0.0
0.0
0.001
0.0
0.0
0.0
0.0
0.0
0.0
0.0
0.001
0.0
0.009
0.0
0.0
0.0
0.0
0.0
0.001
0.001
0.0
0.001
0.001
0.0
0.0
0.001
0.002
0.001
0.008
0.007
0.005
0.021
0.001
0.049
0.079
0.032
0.01
0.001
0.008
0.002
0.004
0.0
0.002
0.0
0.006
0.009
0.0
0.005
0.004
0.0
0.001
0.005
0.009
0.01
0.0
0.007
0.0
0.001
0.0
0.0
0.0
0.001
0.0
0.0
0.0
0.0
0.0
0.0
0.0
0.0
0.0
0.0
0.0
0.0
0.0
0.0
0.0
0.0
0.0
0.0
0.0
0.0
0.0
0.0
0.0
0.0
0.0
0.0
0.0
0.0
0.0
0.0
0.0
0.0
0.0
0.0
0.0
0.0
0.0
0.0
0.0
0.0
0.0
0.009
0.002
0.001
0.003
0.001
0.0
0.0
0.001
0.001
0.0
0.001
0.001
0.001
0.002
0.017
0.016
0.009
0.006
0.0
0.001
0.005
0.01
0.017
0.021
0.008
0.0
0.0
0.0
0.003
0.0
0.0
0.002
0.017
0.004
0.002
0.005
0.005
0.012
0.0
0.004
0.0
0.0
0.0
0.0
0.0
0.001
0.0
0.0
0.001
0.0
0.0
0.0
0.0
0.0
0.0
0.0
0.0
0.0
0.0
0.0
0.0
0.0
0.0
0.0
0.0
0.0
0.0
0.0
0.0
0.0
0.0
0.0
0.0
0.0
0.0
0.0
0.0
0.0
0.0
0.0
0.004
0.0
0.0
0.0
0.0
0.0
0.0
0.0
0.0
0.0
0.002
0.007
0.0
0.001
0.001
0.0
0.0
0.0
0.0
0.001
0.003
0.0
0.0
0.007
0.007
0.012
0.01
0.007
0.003
0.003
0.006
0.006
0.001
0.023
0.024
0.0
0.0
0.0
0.0
0.0
0.016
0.017
0.009
0.004
0.006
0.004
0.001
0.017
0.0
0.0
0.0
0.0
0.0
0.0
0.002
0.0
0.0
0.001
0.001
0.002
0.0
0.003
0.004
0.0
0.0
0.0
0.0
0.0
0.0
0.0
0.0
0.0
0.0
0.0
0.0
0.0
0.0
0.0
0.0
0.0
0.0
0.0
0.0
0.0
0.0
0.0
0.0
0.0
0.0
0.0
0.0
0.0
0.0
0.001
0.005
0.0
0.0
0.0
0.0
0.0
0.001
0.001
0.002
0.0
0.0
0.001
0.001
0.002
0.002
0.0
0.0
0.007
0.004
0.038
0.007
0.009
0.004
0.003
0.0
0.003
0.026
0.025
0.0
0.0
0.0
0.0
0.0
0.0
0.0
0.002
0.002
0.003
0.02
0.024
0.004
0.0
0.014
0.001
0.004
0.015
0.0
0.0
0.0
0.0
0.001
0.0
0.001
0.002
0.001
0.0
0.0
0.003
0.0
0.0
0.0
0.0
0.0
0.0
0.0
0.0
0.0
0.0
0.0
0.0
0.0
0.0
0.0
0.0
0.0
0.0
0.0
0.0
0.0
0.0
0.0
0.0
0.0
0.0
0.0
0.0
0.0
0.0
0.0
0.0
0.0
0.0
0.0
0.0
0.0
0.0
0.0
0.0
0.0
0.0
0.0
0.0
0.001
0.003
0.001
0.002
0.01
0.011
0.008
0.014
0.006
0.004
0.005
0.015
0.001
0.004
0.007
0.012
0.0
0.003
0.001
0.0
0.0
0.0
0.0
0.003
0.0
0.0
0.0
0.002
0.005
0.002
0.0
0.0
0.004
0.008
0.001
0.0
0.001
0.003
0.0
0.001
0.0
0.001
0.0
0.0
0.0
0.001
0.0
0.0
0.0
0.0
0.0
0.0
0.0
0.0
0.0
0.001
0.0
0.0
0.0
0.0
0.0
0.0
0.0
0.0
0.0
0.0
0.0
0.0
0.0
0.0
0.0
0.0
0.0
0.0
0.0
0.0
0.0
0.0
0.0
0.0
0.0
0.0
0.0
0.0
0.001
0.003
0.001
0.0
0.001
0.001
0.004
0.0
0.007
0.003
0.006
0.002
0.005
0.002
0.03
0.002
0.002
0.005
0.007
0.002
0.014
0.0
0.0
0.0
0.0
0.0
0.0
0.0
0.0
0.0
0.0
0.0
0.013
0.001
0.001
0.002
0.002
0.001
0.001
0.006
0.001
0.002
0.002
0.0
0.0
0.001
0.0
0.0
0.002
0.0
0.0
0.0
0.0
0.0
0.0
0.0
0.0
0.0
0.0
0.0
0.0
0.0
0.0
0.0
0.0
0.0
0.0
0.0
0.0
0.0
0.0
0.0
0.0
0.0
0.0
0.0
0.0
0.0
0.0
0.0
0.0
0.0
0.0
0.0
0.0
0.0
0.0
0.0
0.0
0.0
0.0
0.0
0.011
0.004
0.005
0.003
0.0
0.019
0.007
0.014
0.008
0.018
0.009
0.008
0.002
0.009
0.003
0.0
0.004
0.001
0.0
0.0
0.0
0.0
0.0
0.0
0.0
0.0
0.0
0.0
0.0
0.0
0.0
0.0
0.005
0.013
0.0
0.001
0.001
0.002
0.015
0.001
0.003
0.0
0.0
0.002
0.0
0.0
0.0
0.0
0.0
0.0
0.001
0.0
0.0
0.0
0.0
0.0
0.0
0.0
0.0
0.0
0.0
0.0
0.0
0.0
0.0
0.0
0.0
0.0
0.0
0.0
0.0
0.0
0.0
0.0
0.001
0.0
0.0
0.0
0.0
0.0
0.0
0.0
0.0
0.0
0.0
0.0
0.0
0.001
0.0
0.0
0.003
0.002
0.001
0.0
0.0
0.0
0.004
0.013
0.023
0.004
0.001
0.002
0.0
0.001
0.001
0.003
0.018
0.006
0.011
0.0
0.0
0.0
0.0
0.001
0.0
0.0
0.0
0.0
0.0
0.0
0.0
0.0
0.001
0.001
0.0
0.003
0.0
0.001
0.0
0.0
0.0
0.0
0.003
0.002
0.001
0.0
0.0
0.0
0.0
0.0
0.0
0.0
0.0
0.0
0.0
0.002
0.0
0.0
0.0
0.0
0.0
0.0
0.0
0.0
0.0
0.0
0.0
0.0
0.0
0.0
0.0
0.0
0.0
0.0
0.0
0.0
0.0
0.0
0.0
0.0
0.0
0.0
0.0
0.0
0.0
0.0
0.002
0.006
0.0
0.0
0.001
0.0
0.0
0.001
0.002
0.007
0.016
0.004
0.007
0.001
0.001
0.0
0.003
0.0
0.01
0.003
0.0
0.0
0.0
0.0
0.0
0.0
0.0
0.0
0.0
0.0
0.0
0.0
0.0
0.0
0.004
0.0
0.003
0.001
0.0
0.007
0.005
0.0
0.0
0.001
0.0
0.0
0.001
0.0
0.002
0.001
0.0
0.0
0.0
0.0
0.0
0.0
0.0
0.0
0.003
0.0
0.0
0.0
0.0
0.0
0.0
0.0
0.0
0.0
0.0
0.0
0.0
0.0
0.0
0.0
0.0
0.0
0.0
0.0
0.0
0.0
0.0
0.0
0.0
0.0
0.0
0.0
0.0
0.0
0.002
0.001
0.0
0.0
0.002
0.0
0.0
0.007
0.0
0.0
0.002
0.009
0.003
0.009
0.021
0.012
0.003
0.001
0.001
0.001
0.005
0.028
0.0
0.0
0.0
0.0
0.0
0.0
0.0
0.0
0.0
0.0
0.0
0.0
0.0
0.0
0.0
0.002
0.003
0.0
0.007
0.0
0.0
0.001
0.0
0.001
0.0
0.0
0.001
0.001
0.0
0.001
0.0
0.0
0.002
0.0
0.001
0.001
0.005
0.0
0.0
0.0
0.0
0.0
0.0
0.0
0.0
0.0
0.0
0.0
0.0
0.0
0.0
0.0
0.0
0.0
0.0
0.0
0.0
0.0
0.0
0.0
0.0
0.0
0.0
0.0
0.0
0.0
0.0
0.0
0.0
0.0
0.0
0.001
0.0
0.001
0.0
0.0
0.0
0.0
0.005
0.014
0.013
0.013
0.012
0.001
0.002
0.001
0.012
0.001
0.0
0.0
0.0
0.0
0.0
0.0
0.0
0.0
0.0
0.0
0.0
0.0
0.0
0.0
0.0
0.0
0.0
0.01
0.003
0.002
0.0
0.021
0.001
0.0
0.0
0.0
0.002
0.001
0.0
0.0
0.001
0.0
0.003
0.0
0.0
0.0
0.0
0.0
0.001
0.0
0.001
0.0
0.0
0.0
0.0
0.0
0.001
0.0
0.0
0.0
0.0
0.0
0.0
0.0
0.0
0.0
0.0
0.0
0.0
0.0
0.0
0.0
0.0
0.0
0.0
0.0
0.0
0.0
0.0
0.0
0.0
0.0
0.0
0.0
0.0
0.002
0.003
0.0
0.0
0.0
0.026
0.019
0.021
0.013
0.008
0.0
0.004
0.0
0.002
0.0
0.001
0.0
0.0
0.0
0.0
0.0
0.0
0.0
0.0
0.0
0.0
0.0
0.0
0.0
0.0
0.0
0.0
0.001
0.0
0.003
0.004
0.01
0.0
0.0
0.0
0.0
0.0
0.0
0.0
0.0
0.002
0.0
0.0
0.0
0.0
0.002
0.0
0.0
0.0
0.0
0.0
0.0
0.0
0.0
0.0
0.0
0.0
0.0
0.0
0.0
0.0
0.0
0.0
0.0
0.0
0.0
0.0
0.0
0.0
0.0
0.0
0.0
0.0
0.0
0.0
0.0
0.0
0.0
0.0
0.0
0.0
0.0
0.0
0.0
0.004
0.001
0.008
0.001
0.001
0.002
0.0
0.004
0.007
0.002
0.007
0.019
0.0
0.001
0.001
0.001
0.012
0.0
0.0
0.0
0.0
0.0
0.0
0.0
0.0
0.0
0.0
0.0
0.0
0.0
0.0
0.0
0.0
0.001
0.017
0.003
0.008
0.007
0.001
0.0
0.001
0.0
0.0
0.0
0.002
0.0
0.001
0.0
0.001
0.0
0.0
0.001
0.001
0.0
0.0
0.0
0.0
0.003
0.0
0.0
0.001
0.0
0.002
0.002
0.0
0.0
0.0
0.0
0.0
0.0
0.0
0.0
0.0
0.0
0.0
0.0
0.0
0.0
0.0
0.0
0.0
0.0
0.0
0.0
0.0
0.0
0.0
0.0
0.0
0.0
0.0
0.001
0.002
0.001
0.0
0.0
0.0
0.0
0.0
0.0
0.015
0.001
0.0
0.0
0.004
0.01
0.0
0.002
0.001
0.001
0.001
0.0
0.0
0.005
0.0
0.0
0.0
0.0
0.0
0.0
0.0
0.0
0.002
0.007
0.012
0.006
0.002
0.009
0.005
0.01
0.0
0.0
0.008
0.0
0.0
0.0
0.0
0.0
0.0
0.0
0.0
0.0
0.0
0.0
0.0
0.0
0.0
0.001
0.001
0.0
0.0
0.0
0.0
0.0
0.0
0.0
0.0
0.0
0.0
0.0
0.0
0.0
0.0
0.0
0.0
0.0
0.0
0.0
0.0
0.0
0.0
0.0
0.0
0.0
0.0
0.001
0.0
0.0
0.0
0.001
0.001
0.0
0.0
0.0
0.002
0.0
0.0
0.0
0.0
0.001
0.0
0.0
0.0
0.0
0.003
0.001
0.001
0.001
0.0
0.0
0.0
0.001
0.0
0.002
0.003
0.001
0.0
0.0
0.0
0.0
0.0
0.001
0.0
0.0
0.0
0.004
0.0
0.006
0.0
0.0
0.005
0.001
0.0
0.001
0.002
0.0
0.001
0.0
0.0
0.0
0.0
0.0
0.0
0.0
0.0
0.0
0.0
0.0
0.0
0.0
0.0
0.0
0.0
0.0
0.0
